##### Result #####

epoch	input	output	result
1
	(0,0)	1.5601	1
	(0,1)	1.43668	1
	(1,0)	1.74144	1
	(1,1)	1.26394	1
2
	(0,0)	0.559667	1
	(0,1)	0.466271	0
	(1,0)	0.93464	1
	(1,1)	0.626159	1
3
	(0,0)	0.242319	0
	(0,1)	0.20315	0
	(1,0)	0.677307	1
	(1,1)	0.463094	0
4
	(0,0)	0.125145	0
	(0,1)	0.142786	0
	(1,0)	0.5816	1
	(1,1)	0.435512	0
5
	(0,0)	0.0681364	0
	(0,1)	0.13935	0
	(1,0)	0.534969	1
	(1,1)	0.445384	0
6
	(0,0)	0.0305685	0
	(0,1)	0.150822	0
	(1,0)	0.504585	1
	(1,1)	0.464495	0
7
	(0,0)	0.00047446	0
	(0,1)	0.165215	0
	(1,0)	0.480723	0
	(1,1)	0.48482	0
8
	(0,0)	-0.0257722	0
	(0,1)	0.179214	0
	(1,0)	0.460372	0
	(1,1)	0.504171	1

##### END #####
